> **LEGACY_ARCHIVE_UNVERIFIED** | `INSUFFICIENT_EVIDENCE` | `actionable: false`  
> 本文件来自已退役的原 HouseAlice 原型，仅保留旧研究过程，不属于 DwellProof 产品。内容未经标的、产权、税费、贷款及成交证据核验，可能错误或过期，不得用于买卖、估值、预测、排名或风险判断。DwellProof 入口：`../web/`。

# 城市间领先滞后关系 — 监测系统核心指标

> hm (mimo-v2.5-pro) | 2026-06-14
> 基于42城184月二手房同比序列交叉相关分析

---

## 核心发现: 上海是全国房价的"领先指标"

### 领先滞后矩阵

| 领先城市 | 滞后城市 | 领先月数 | 相关系数 | 可靠度 |
|---------|---------|---------|---------|--------|
| 上海 | 北京 | 0（同步） | 0.975 | ⭐⭐⭐ |
| 上海 | 深圳 | 5月 | 0.889 | ⭐⭐ |
| 上海 | 广州 | 2月 | 0.895 | ⭐⭐⭐ |
| 上海 | 南京 | 2月 | 0.937 | ⭐⭐⭐ |
| 上海 | 杭州 | 3月 | 0.802 | ⭐⭐ |
| 上海 | 天津 | 3月 | 0.847 | ⭐⭐ |
| 上海 | 武汉 | 5月 | 0.801 | ⭐⭐ |
| 上海 | 成都 | 3月 | 0.462 | ⭐ |
| 上海 | 重庆 | 6月 | 0.479 | ⭐ |

**含义: 上海二手房同比触底后，2-5个月内其他城市将跟随触底。**

### 验证: 本轮周期各城市触底时间

| 城市 | 谷底月份 | 谷底值 | 当前值 | 是否转正 | 与上海时差 |
|------|---------|--------|--------|---------|----------|
| 上海 | 2025-08 | 99.0 | 100.7 | ✅ | 基准(0月) |
| 深圳 | 2025-09 | 99.0 | 100.3 | ✅ | +1月 |
| 北京 | 2025-11 | 98.7 | 100.4 | ✅ | +3月 |
| 广州 | 2025-11 | 98.8 | 100.2 | ✅ | +3月 |
| 杭州 | 2025-11 | 99.1 | 99.9 | ❌ | +3月 |
| 成都 | 2025-12 | 98.9 | 99.9 | ❌ | +4月 |
| 武汉 | 2025-12 | 98.8 | 100.1 | ✅ | +4月 |
| 南京 | 2025-12 | 98.8 | 100.0 | ✅ | +4月 |
| 重庆 | 2025-12 | 99.0 | 100.0 | ✅ | +4月 |
| 天津 | 2025-12 | 99.1 | 99.7 | ❌ | +4月 |

**本轮验证:**
- 上海2025-08触底 → 深圳+1月、北京/广州/杭州+3月、其余+4月
- 与历史交叉相关分析的2-5月领先关系**高度吻合**

---

## 预测应用

### 利用上海领先关系预测其他城市

**上海二手房环比已连续2月>100（2026.03-04）**

基于领先关系:
- 广州/南京: 预计2026.05-06确认筑底 ✅（广州已转正）
- 杭州: 预计2026.06-07确认筑底（当前99.9，差0.1）
- 成都: 预计2026.07-08确认筑底（当前99.9）
- 天津: 预计2026.07-08确认筑底（当前99.7）
- 武汉: 预计已跟随（当前100.1）

### 未转正城市预测

| 城市 | 当前环比 | 预计转正月份 | 置信度 |
|------|---------|------------|--------|
| 杭州 | 99.9 | 2026.06-07 | ⭐⭐⭐ |
| 成都 | 99.9 | 2026.07-08 | ⭐⭐ |
| 天津 | 99.7 | 2026.08-09 | ⭐⭐ |

---

## 监测系统核心指标设计

### 领先指标（实时监测）

| 指标 | 含义 | 阈值 |
|------|------|------|
| 上海二手房环比 | 全国领先2-5月 | >100=触底信号 |
| 上海新房成交量 | 需求端领先指标 | 同比>0=需求回暖 |
| 上海二手房挂牌量 | 供给端领先指标 | 下降=供给收缩 |
| LPR 5Y | 货币政策信号 | 下降=利好 |
| PMI制造业 | 经济景气信号 | >50=扩张 |

### 同步指标（确认信号）

| 指标 | 含义 | 阈值 |
|------|------|------|
| 北京二手房环比 | 与上海同步 | >100=确认 |
| 全国新房环比 | 整体趋势 | >100=转正 |
| 国房景气指数 | 行业信心 | >95=信心恢复 |

### 滞后指标（验证判断）

| 指标 | 含义 | 阈值 |
|------|------|------|
| 三线城市环比 | 最弱环节 | >100=全面企稳 |
| 房企拿地金额 | 开发商预期 | 同比>0=预期改善 |
| 房贷新增规模 | 居民加杠杆 | 同比>0=需求释放 |

---

## 城市相关性矩阵（二手房同比）

```
        北京  上海  广州  深圳  杭州  成都  武汉  南京  重庆  天津
北京    1.00  0.97  0.87  0.77  0.74  0.42  0.69  0.89  0.40  0.79
上海    0.97  1.00  0.86  0.76  0.75  0.42  0.69  0.91  0.41  0.79
广州    0.87  0.86  1.00  0.65  0.86  0.56  0.91  0.90  0.68  0.85
深圳    0.77  0.76  0.65  1.00  0.50  0.24  0.47  0.63  0.33  0.51
杭州    0.74  0.75  0.86  0.50  1.00  0.63  0.86  0.88  0.70  0.82
成都    0.42  0.42  0.56  0.24  0.63  1.00  0.55  0.49  0.63  0.35
武汉    0.69  0.69  0.91  0.47  0.86  0.55  1.00  0.85  0.84  0.90
南京    0.89  0.91  0.90  0.63  0.88  0.49  0.85  1.00  0.56  0.90
重庆    0.40  0.41  0.68  0.33  0.70  0.63  0.84  0.56  1.00  0.63
天津    0.79  0.79  0.85  0.51  0.82  0.35  0.90  0.90  0.63  1.00
```

**集群分析:**
- 集群A: 北京-上海-南京（高度同步，相关性>0.89）
- 集群B: 广州-武汉-天津-杭州（高度同步，相关性>0.85）
- 独立: 深圳（与所有城市相关性<0.77）、成都（与所有<0.63）

---

*hm | 领先滞后分析 | 2026-06-14*
